%YAML:1.0
---
R: !!opencv-matrix
   rows: 3
   cols: 3
   dt: d
   data: [ 9.9920332142318802e-01, -8.0826124357939715e-03,
       3.9081886252867772e-02, 7.7803808489322699e-03,
       9.9993868995910040e-01, 7.8792129507795818e-03,
       -3.9143174765403403e-02, -7.5688637912776149e-03,
       9.9920494602968923e-01 ]
T: !!opencv-matrix
   rows: 3
   cols: 1
   dt: d
   data: [ 2.8348916622828759e+00, -1.2867583832988574e-01,
       -2.5477340060193066e-01 ]
R1: !!opencv-matrix
   rows: 3
   cols: 3
   dt: d
   data: [ 9.9732580045915742e-01, -5.2524101985988718e-02,
       -5.0817973681234058e-02, 5.2751211181965532e-02,
       9.9860275741415006e-01, 3.1372924141666752e-03,
       5.0582185177558484e-02, -5.8096123297315689e-03,
       9.9870300437479465e-01 ]
R2: !!opencv-matrix
   rows: 3
   cols: 3
   dt: d
   data: [ 9.9496972205270962e-01, -4.5161712809471552e-02,
       -8.9418520981219288e-02, 4.4760477661895469e-02,
       9.9897667694650860e-01, -6.4883400334665980e-03,
       8.9620041496491734e-02, 2.4532861687421277e-03,
       9.9597300643598830e-01 ]
P1: !!opencv-matrix
   rows: 3
   cols: 4
   dt: d
   data: [ 3.8792684116790446e+02, 0., 3.6614477539062500e+02, 0., 0.,
       3.8792684116790446e+02, 2.2317522239685059e+02, 0., 0., 0., 1.,
       0. ]
P2: !!opencv-matrix
   rows: 3
   cols: 4
   dt: d
   data: [ 3.8792684116790446e+02, 0., 3.6614477539062500e+02,
       1.1052904859594980e+03, 0., 3.8792684116790446e+02,
       2.2317522239685059e+02, 0., 0., 0., 1., 0. ]
Q: !!opencv-matrix
   rows: 4
   cols: 4
   dt: d
   data: [ 1., 0., 0., -3.6614477539062500e+02, 0., 1., 0.,
       -2.2317522239685059e+02, 0., 0., 0., 3.8792684116790446e+02, 0.,
       0., -3.5097274978454807e-01, 0. ]
