%YAML:1.0
---
M1: !!opencv-matrix
   rows: 3
   cols: 3
   dt: d
   data: [ 5.5046453722130946e+02, 0., 3.0813218876743565e+02, 0.,
       5.5046453722130946e+02, 2.2441531203971823e+02, 0., 0., 1. ]
D1: !!opencv-matrix
   rows: 1
   cols: 14
   dt: d
   data: [ -2.0042544990733926e-01, 4.0538474564127014e-01, 0., 0., 0.,
       0., 0., 5.2504100145741017e-01, 0., 0., 0., 0., 0., 0. ]
M2: !!opencv-matrix
   rows: 3
   cols: 3
   dt: d
   data: [ 5.5046453722130946e+02, 0., 3.2224456632037476e+02, 0.,
       5.5046453722130946e+02, 2.3145420440801894e+02, 0., 0., 1. ]
D2: !!opencv-matrix
   rows: 1
   cols: 14
   dt: d
   data: [ -2.6212667686714936e-01, 8.1106826462662529e-01, 0., 0., 0.,
       0., 0., 1.2550965462365011e+00, 0., 0., 0., 0., 0., 0. ]
